10005
10082
10182
20001
30003
30004
40002
40003
40006
40007
50007
50008
50009
50010
50011
50012
50013
50014
50015
50030
50036
50040
50054
50066
50092
50093
50094
50096
50105
50106
50107
50108
50109
50110
50112
50114
50115
50116
50126
50150
50157
50165
50167
50202
50203
50204
50205
50206
50207
50208
50209
50211
50214
50234
50244
50262
50293
50294
50296
50298
50300
50304
50312
50350
50354
50357
50360
50365
50392
50393
50394
50395
50397
50404
50411
50412
50413
50414
50415
50416
50430
50441
50449
50458
50464
50468
50469
50500
50506
50507
50508
50517
50524
50556
50558
50563
50573
50574
50576
50584
50590
50592
50594
50596
50597
50600
52605
61395
61489
61599
61600
61793
71522
79844
80075
85420
95100
96153
900000
900001
900002
900003
900004
900005
900006
900007
900008
900009
900010
900011
900012
900013
900014
900015
900016
900017
900018
900019
900020
900021
900022
900023
900024
900025
900026
900027
900028
900029
900030
900031
900032
900033
900034
900035
900036
900037
900038
900039
900040
900041
900042
900043
900044
900045
900046
900047
900048
900049
900050
900051
900052
900053
900054
900055
900056
900057
900058
900059
900060
900061
900062
900063
900064
900065
900066
900067
900068
900069
900070
900071
900072
900073
900074
900075
900076
50657
50709
50713
50802
50817
50818
50819
50820
50840
50901
50902
50903
51003
51006
51100
51106
51144
51203
51295
51302
51305
51307
51309
51324
51344
51403
51407
51466
51551
51560
51574
51602
51603
51666
51701
51714
51725
51764
51767
51807
51868
51904
51907
51996
52112
52121
52124
52125
52209
52267
52294
52301
52303
52304
52306
52405
52407
52415
52430
52514
52564
52566
52568
52576
52631
52634
52667
52710
52717
52733
52769
52803
52804
52805
52827
52906
52907
52908
53009
53036
53057
53103
53104
53105
53106
53123
53144
53293
53302
53306
53309
53400
53416
53421
53506
53568
53587
53598
53610
53611
53618
53619
53659
53705
53708
53717
53764
53795
53844
53893
53989
53990
54008
54009
54107
54123
54156
54164
54205
54236
54305
54306
54344
54394
54400
54407
54408
54410
54411
54424
54460
54508
54509
54567
54598
54613
54614
54795
54805
54812
54813
54905
54907
54911
54944
55005
55006
55009
55111
55165
55214
55224
55225
55226
55252
55339
55370
55371
55392
55393
55397
55425
55427
55435
55438
55505
55508
55511
55512
55530
55631
55645
55706
55712
55798
55894
55897
55899
55925
55926
55991
55993
56006
56034
56304
56563
59249
59250
59251
59252
59253
59254
59255
59256
59257
59258
59259
59260
59261
59262
59263
59264
59265
59266
59267
59268
59269
59270
59271
59272
59332
59333
59334
59335
59336
59359
59360
59361
59362
59366
59369
59370
59373
59374
59375
59377
59378
59382
60021
60106
60291
60296
60304
60340
60456
60463
60496
60497
60523
60566
60605
60658
60663
60694
60766
60769
60805
60865
60891
61015
61104
61108
61114
61197
61202
61204
61206
61304
61402
61435
61463
61498
61532
61564
61567
61658
61667
61700
61710
61791
61893
62001
62002
62003
62005
62007
62015
62025
62032
62136
62162
62164
62234
62265
62304
62393
62406
62407
62413
62414
62466
62556
62559
62569
62600
62646
62668
62700
62758
62770
62793
62802
62883
62884
62893
62894
62905
62907
62908
62925
62931
62959
63003
63044
63051
63054
63058
63066
63077
63093
63102
63108
63123
63142
63148
63298
63335
63360
63394
63398
63414
63448
63450
63494
63560
63601
63607
63630
63636
63692
63697
63698
63703
63792
63794
63884
63891
63893
63903
63905
63913
63968
63969
63970
63994
64006
64007
64013
64014
64031
64044
64064
64066
64086
64087
64090
64115
64117
64153
64154
64164
64203
64207
64209
64244
64266
64288
64294
64300
64301
64312
64397
64403
64407
64410
64440
64468
64499
64500
64501
64504
64553
64590
64601
64610
64646
64669
64697
64699
64704
64706
64712
64714
64743
64800
64802
64804
64905
64906
64914
64984
64987
65005
65052
65091
65093
65095
65096
65103
65104
65120
65122
65123
65125
65136
65203
65207
65208
65233
65269
65293
65303
65304
65305
65306
65357
65405
65413
65414
65416
65464
65501
65502
65505
65513
65518
65586
65610
65620
65621
65703
65722
65803
65898
65906
65907
66023
66052
66113
66114
66162
66203
66207
66211
66243
66244
66311
66313
66397
66403
66405
66406
66452
66462
66504
66517
66518
66614
66624
66627
66713
66715
66716
66740
66749
66802
66804
66805
66807
66833
66864
66917
66928
66965
66992
66995
67002
67003
67004
67024
67092
67095
67134
67168
67169
67206
67207
67209
67265
67291
67304
67401
67405
67412
67416
67422
67450
67504
67563
67568
67598
67611
67718
67804
67827
67872
67893
67900
67935
68000
68002
68069
68087
68100
68103
68204
68205
68346
68407
68416
68466
68504
68525
68614
68618
68669
68702
68706
68707
68743
68803
68868
68904
68906
68909
69056
69064
69093
69100
69102
69105
69150
69165
69209
69210
69305
69306
69366
69394
69403
69416
69453
69508
69517
69530
69569
69592
69601
69628
69633
69636
69652
69702
69705
69727
69737
69802
69805
69808
69809
69860
69900
69965
69992
69995
70123
70148
70240
70303
70309
70317
70344
70358
70408
70410
70432
70464
70533
70553
70604
70625
70626
70640
70649
70706
70756
70766
70806
70814
70831
70834
71148
71299
71325
71412
71458
71504
71552
71562
71564
71609
71638
71643
71648
71713
71752
71757
71761
71806
71815
71835
71852
72108
72131
72160
72214
72248
72256
72268
72303
72322
72337
72456
72466
72503
72546
72548
72606
72645
72736
72819
72822
72824
72850
72852
72860
73113
73136
73209
73213
73231
73233
73239
73304
73306
73350
73363
73402
73409
73416
73438
73455
73567
73604
73606
73703
73713
73732
73736
73747
73827
73848
74103
74148
74154
74158
74206
74215
74240
74250
74256
74358
74404
74430
74456
74460
74465
74536
74559
74565
74605
74635
74644
74650
74704
74723
74746
74807
74846
75113
75125
75164
75174
75236
75244
75253
75307
75334
75392
75404
75414
75419
75441
75461
75504
75560
75563
75566
75567
75662
75705
75706
75804
75808
75832
75847
76100
76158
76231
76234
76253
76267
76291
76304
76313
76325
76435
76446
76456
76469
76515
76536
76556
76563
76604
76632
76633
76667
76704
76739
76746
76753
76802
76810
76836
76854
77104
77242
77248
77264
77268
77460
77462
77463
77464
77466
77503
77564
77569
77600
77609
77623
77632
77704
77733
77848
78007
78129
78168
78205
78217
78304
78409
78413
78566
78603
78606
78649
78666
78694
78756
78762
78763
78813
78863
79109
79150
79192
79195
79196
79198
79234
79240
79246
79291
79292
79300
79334
79360
79402
79530
79565
79604
79608
79642
79662
79705
79720
79804
79866
79952
80004
80005
80006
80008
80013
80014
80016
80018
80020
80024
80027
80028
80029
80039
80041
80043
80045
80050
80052
80053
80054
80058
80072
80073
80074
80077
80080
80084
80088
80089
80090
80092
80094
80097
80111
80113
80114
80115
80116
80201
80202
80500
80502
80531
80532
80535
80536
80562
80584
80585
80587
80589
80612
80617
80618
80619
82000
82110
82116
82121
82153
82210
82273
82275
82276
82410
82477
82612
82673
82690
82799
83270
83320
83321
83350
83411
83431
83450
83530
83799
84112
84113
84410
84510
85171
85210
85220
85410
85412
85449
85999
86101
86172
86220
86246
86321
86571
86620
86718
86780
86799
86800
87421
87470
87520
87531
87610
87630
87670
87760
88210
88211
88250
88271
88274
88331
88372
88374
88670
88771
88772
88773
89120
89131
89221
89311
89372
89420
89440
89475
89572
89622
89674
89712
89721
89776
89777
89778
90018
90023
90025
90250
90251
90313
90340
90372
90414
90415
90480
90521
90522
90571
90580
90581
90611
90671
90695
90761
90852
90876
90911
91006
91015
91032
91067
91113
91145
91210
91211
91344
91350
91351
91402
91514
91624
91750
91764
91776
91803
91806
91809
91823
91838
91875
91876
91879
91960
92206
92207
92209
92210
92211
92304
92306
92307
92406
92407
92408
92412
92510
92511
92512
92514
92515
92609
92712
92812
92815
92818
92905
92906
93150
93201
93240
93242
93265
93309
93443
93494
93523
93525
93705
93723
93731
93748
93751
93806
93807
94106
94132
94145
94162
94232
94255
94260
94310
94315
94323
94415
94450
94495
94518
94562
94602
94604
94629
94812
94851
94858
95146
95158
95190
95233
95273
95316
95409
95411
95436
95449
95458
95468
95486
95518
95549
95576
95650
95666
95674
95710
95716
96139
96144
96253
96307
96343
96356
96358
96359
96441
96456
96461
96473
96480
96546
96610
96616
96654
96666
96706
96723
96750
96766
96804
96806
96852
96856
97103
97150
97157
97204
97300
97335
97366
97383
97404
97441
97442
97515
97559
97709
97718
97762
97849
97865
98129
98213
98218
98233
98246
98264
98315
98363
98369
98455
98504
98506
98731
98819
98845
99153
99200
99210
99222
99229
99244
99324
99344
99433
99449
99543
99554
99571
99606
99636
99643
99724
99731
99900
99901
50608
50614
50704
50707
50714
50730
50854
50868
50906
50923
50990
50996
51004
51005
51007
51008
51009
51013
51057
51200
51269
51304
51359
51463
51468
51605
51706
51707
51708
51803
51817
51860
51905
51991
52001
52002
52008
52009
52025
52103
52208
52210
52211
52299
52305
52348
52366
52402
52416
52424
52504
52516
52526
52547
52591
52628
52630
52650
52704
52705
52706
52712
52765
52806
52807
52904
52909
53003
53010
53058
53160
53168
53205
53211
53303
53304
53327
53404
53460
53505
53554
53597
53612
53702
53710
53712
53715
53716
53800
53827
53865
53955
53988
53992
54007
54108
54110
54112
54166
54214
54216
54268
54295
54303
54307
54444
54510
54511
54512
54513
54529
54595
54707
54708
54709
54710
54730
54794
54806
54814
54815
54908
55004
55008
55013
55160
55164
55208
55217
55219
55326
55417
55440
55502
55506
55513
55514
55534
55636
55637
55703
55710
55734
55844
55893
55920
55927
56251
56626
59273
59274
59275
59276
59277
59278
59279
59280
59281
59282
59283
59284
59285
59286
59287
59288
59289
59290
59337
59338
59339
59340
59341
59363
59364
59365
59367
59372
60032
60036
60050
60100
60197
60260
60295
60363
60404
60412
60464
60544
60558
60565
60648
60655
60667
60692
60693
60724
60759
60897
61005
61128
61186
61194
61208
61291
61293
61332
61353
61360
61363
61366
61404
61487
61494
61542
61554
61563
61566
61604
61652
61742
61743
61760
61795
61869
62006
62016
62047
62049
62055
62066
62067
62167
62168
62258
62292
62353
62356
62364
62391
62404
62408
62409
62415
62425
62432
62462
62468
62499
62624
62633
62657
62691
62768
62774
62790
62797
62887
62895
62897
62903
62910
62917
62921
62923
62934
62939
62947
62967
63008
63014
63020
63033
63038
63053
63088
63134
63164
63168
63209
63257
63260
63334
63339
63396
63412
63435
63495
63554
63558
63559
63563
63590
63593
63603
63604
63606
63610
63645
63652
63657
63700
63704
63705
63890
63895
63920
63963
63967
64000
64004
64012
64023
64059
64067
64068
64085
64101
64112
64158
64166
64187
64214
64260
64302
64340
64346
64394
64469
64493
64502
64511
64557
64560
64573
64602
64606
64648
64657
64711
64715
64719
64720
64724
64728
64746
64803
64864
64868
64890
64895
64898
64903
64915
64994
65040
65069
65097
65115
65118
65119
65157
65209
65259
65308
65309
65314
65362
65399
65401
65403
65406
65447
65462
65503
65506
65510
65515
65517
65523
65622
65623
65624
65653
65708
65733
65762
65823
65902
65905
66005
66094
66108
66115
66209
66212
66233
66302
66306
66393
66409
66422
66469
66501
66508
66523
66598
66606
66615
66631
66657
66702
66704
66706
66708
66710
66714
66719
66720
66803
66806
66838
66963
66968
67005
67006
67007
67016
67025
67094
67262
67341
67363
67394
67414
67415
67426
67449
67554
67609
67610
67644
67650
67716
67760
67803
67807
67903
67905
67907
67991
68003
68106
68110
68119
68124
68244
68245
68305
68306
68307
68330
68345
68362
68463
68507
68625
68700
68709
68730
68805
68901
68913
69203
69207
69214
69238
69332
69393
69405
69418
69500
69605
69627
69712
69766
69804
69810
69813
69825
69901
69980
70117
70124
70169
70224
70310
70312
70332
70335
70364
70414
70427
70503
70523
70542
70543
70554
70608
70641
70643
70644
70646
70723
70738
70833
70837
70838
70865
71150
71163
71207
71252
71347
71419
71432
71463
71509
71543
71558
71565
71569
71610
71650
71763
71765
71837
71848
71857
71859
72133
72139
72143
72161
72169
72195
72220
72239
72244
72313
72314
72325
72336
72432
72442
72443
72444
72448
72450
72458
72543
72553
72559
72608
72650
72654
72752
72765
72853
72859
73123
73148
73153
73224
73246
73324
73339
73342
73468
73503
73513
73543
73559
73563
73564
73565
73641
73654
73666
73725
73757
73817
73853
73856
73859
74125
74163
74169
74242
74244
74246
74247
74304
74339
74346
74362
74429
74444
74459
74534
74558
74560
74564
74729
74745
74823
74849
75143
75151
75154
75156
75238
75266
75326
75333
75462
75551
75608
75648
75728
75734
75736
75739
75762
76235
76249
76290
76368
76404
76453
76459
76509
76512
76522
76525
76531
76562
76656
76664
76743
76833
76849
76868
76869
77156
77157
77314
77423
77454
77468
77532
77552
77648
77669
77670
77692
77708
77725
77869
78019
78128
78135
78224
78335
78361
78363
78449
78454
78458
78467
78513
78595
78629
78663
78725
78745
78753
78758
78765
78850
78864
79113
79215
79225
79231
79289
79290
79294
79356
79453
79459
79465
79653
79664
79704
79725
79869
79903
79908
79933
80001
80002
80010
80012
80021
80023
80032
80033
80034
80036
80038
80042
80046
80047
80048
80056
80060
80071
80078
80079
80081
80082
80083
80085
80086
80095
80099
80112
80117
80203
80501
80538
80539
80560
80582
80614
80623
82001
82004
82006
82007
82046
82173
82243
82374
82460
82480
82514
82516
82559
82616
82617
82776
82777
82798
82873
82982
83147
83460
83472
83473
83573
83670
83700
83899
84210
84450
84573
84574
84610
84799
85130
85172
85370
85571
85580
85620
85701
86231
86240
86472
86520
86540
86611
86716
86724
86781
87012
87110
87270
87322
87410
87412
87550
87671
87721
87722
87750
87771
88110
88272
88310
88373
88376
88510
88611
89142
89172
89175
89214
89272
89321
89331
89476
89477
89478
89513
89514
89522
89611
89675
89775
90212
90285
90314
90347
90412
90418
90460
90475
90513
90514
90643
90656
90658
90768
90771
90774
90811
90860
90869
91044
91112
91114
91212
91213
91323
91326
91333
91355
91403
91409
91444
91465
91470
91511
91556
91558
91608
91699
91708
91739
91752
91778
91835
91870
91871
91872
92309
92310
92311
92409
92410
92411
92607
92608
92610
92612
92711
92816
92817
92907
93125
93136
93154
93243
93314
93336
93339
93349
93404
93410
93411
93424
93556
93557
93601
93607
93612
93645
93670
93720
93726
93802
93838
94105
94107
94204
94250
94252
94258
94353
94403
94408
94426
94539
94558
94663
94706
94745
94749
94827
94836
94845
95101
95103
95114
95157
95169
95208
95269
95319
95557
95558
95563
95573
95678
95777
95835
95837
95913
95914
96165
96257
96362
96408
96463
96467
96468
96503
96513
96653
96673
96704
96725
96734
96761
96777
96825
96855
96860
97109
97154
97198
97219
97249
97257
97259
97268
97350
97351
97400
97510
97537
97613
97644
97713
97754
97767
97848
97857
98130
98136
98142
98248
98334
98389
98420
98533
98538
98548
98569
98614
98615
98753
98760
98762
98772
98802
98808
98829
98855
99145
99156
99317
99323
99327
99333
99408
99442
99459
99507
99534
99556
99607
99614
99640
99725
99745
99810
50604
50613
50622
50636
50637
50640
50641
50650
50662
50705
50706
50708
50710
50711
50712
50720
50726
50758
50811
50812
50813
50814
50815
50835
50848
50859
50900
50904
50905
50911
50912
50955
50992
50995
51001
51002
51058
51060
51097
51103
51104
51109
51110
51111
51136
51143
51154
51163
51201
51202
51204
51230
51234
51257
51264
51294
51296
51297
51299
51301
51306
51334
51393
51408
51411
51439
51454
51460
51462
51516
51526
51546
51564
51567
51580
51586
51592
51594
51596
51597
51601
51619
51636
51645
51648
51665
51668
51702
51705
51713
51715
51722
51761
51796
51804
51809
51833
51834
51863
51867
51895
51897
51901
51902
51948
51967
51994
52003
52004
52005
52006
52007
52043
52060
52063
52065
52119
52123
52140
52145
52149
52163
52168
52202
52203
52204
52205
52206
52234
52257
52295
52308
52330
52391
52392
52394
52395
52396
52397
52417
52440
52457
52460
52528
52530
52557
52558
52560
52562
52569
52606
52629
52637
52639
52641
52645
52649
52659
52661
52701
52702
52703
52707
52711
52714
52715
52716
52720
52731
52802
52808
52809
52833
52844
52864
52867
52868
52873
52895
52901
52902
52903
52905
52950
52992
52994
52995
53004
53005
53006
53007
53029
53040
53049
53096
53100
53101
53102
53139
53164
53201
53202
53203
53233
53259
53262
53267
53297
53298
53300
53301
53322
53375
53409
53415
53428
53455
53464
53469
53504
53540
53546
53560
53562
53584
53594
53596
53609
53613
53615
53627
53629
53637
53645
53663
53664
53665
53701
53703
53704
53706
53707
53709
53711
53714
53734
53754
53805
53806
53808
53809
53825
53833
53863
53892
53897
53898
53909
53913
53914
53919
53927
53973
53993
53994
53995
53996
53999
54006
54010
54012
54013
54014
54063
54064
54094
54103
54104
54105
54119
54134
54148
54149
54213
54215
54221
54243
54263
54301
54302
54304
54319
54350
54354
54362
54363
54368
54401
54402
54403
54404
54405
54406
54443
54452
54466
54467
54502
54503
54504
54505
54537
54561
54607
54608
54609
54610
54611
54612
54615
54616
54640
54645
54664
54666
54667
54701
54702
54703
54705
54720
54729
54755
54768
54802
54803
54804
54807
54808
54809
54833
54843
54900
54901
54902
54903
54904
54906
54910
54913
54920
54930
54959
55002
55007
55010
55011
55012
55032
55040
55043
55046
55109
55116
55118
55121
55122
55129
55130
55138
55146
55163
55167
55215
55218
55220
55221
55222
55223
55239
55257
55258
55267
55268
55300
55301
55313
55322
55342
55348
55359
55377
55382
55383
55385
55394
55396
55412
55414
55415
55419
55420
55428
55429
55441
55455
55460
55501
55503
55504
55507
55515
55526
55532
55536
55566
55568
55610
55618
55628
55629
55630
55632
55633
55646
55659
55663
55704
55705
55707
55708
55709
55711
55730
55743
55764
55801
55802
55855
55860
55890
55895
55896
55903
55912
55913
55995
55996
55997
56032
56066
56218
56348
56415
56523
56536
56548
56712
59203
59204
59205
59206
59207
59208
59209
59210
59211
59212
59213
59214
59215
59216
59217
59218
59219
59220
59221
59222
59223
59224
59225
59226
59227
59228
59229
59230
59231
59232
59233
59234
59235
59236
59237
59316
59317
59318
59319
59320
59321
59322
59323
59324
59325
59326
59327
59328
59342
59343
59344
59345
59346
59347
59348
59349
59350
59351
59352
59353
59354
59355
59371
59379
59380
60051
60055
60105
60139
60140
60146
60154
60156
60164
60181
60198
60240
60255
60263
60264
60265
60293
60297
60329
60336
60337
60339
60342
60360
60367
60368
60415
60430
60439
60441
60457
60461
60466
60469
60491
60493
60495
60550
60554
60559
60563
60567
60594
60634
60635
60636
60649
60650
60661
60697
60699
60713
60726
60727
60729
60748
60757
60764
60768
60841
60845
60848
60858
60864
60892
60911
60949
61101
61140
61145
61154
61156
61158
61185
61196
61214
61215
61228
61230
61231
61240
61262
61267
61268
61295
61323
61329
61357
61359
61364
61365
61391
61396
61411
61434
61444
61456
61457
61458
61490
61495
61496
61527
61540
61541
61544
61557
61560
61565
61569
61595
61598
61611
61629
61643
61650
61665
61666
61695
61698
61715
61726
61727
61763
61764
61765
61767
61812
61830
61845
61854
61855
61891
61894
61895
61896
61897
61898
61927
61929
61950
61962
62011
62012
62013
62017
62018
62019
62020
62021
62023
62024
62026
62028
62030
62034
62036
62037
62038
62040
62042
62043
62046
62048
62056
62146
62148
62157
62160
62230
62242
62255
62263
62264
62294
62296
62322
62338
62345
62349
62359
62360
62363
62410
62424
62430
62451
62457
62463
62464
62522
62528
62540
62546
62591
62595
62597
62611
62637
62644
62648
62655
62688
62694
62696
62698
62699
62710
62730
62731
62741
62754
62761
62796
62833
62859
62868
62869
62892
62918
62919
62920
62929
62933
62936
62937
62941
62945
62949
62950
62951
62966
63015
63019
63021
63025
63027
63034
63035
63036
63045
63050
63055
63056
63064
63065
63069
63099
63103
63104
63105
63106
63109
63111
63137
63138
63145
63229
63230
63235
63248
63262
63265
63290
63292
63295
63342
63348
63357
63358
63363
63391
63432
63441
63462
63464
63465
63492
63512
63543
63550
63596
63605
63608
63609
63619
63620
63628
63638
63665
63667
63706
63711
63730
63737
63749
63765
63791
63797
63800
63810
63857
63883
63888
63889
63894
63900
63901
63907
63914
63930
63933
63935
63936
63938
63939
63940
63944
63950
63959
63960
63961
63973
63991
63997
64001
64015
64017
64021
64029
64036
64041
64045
64047
64049
64051
64055
64058
64063
64083
64084
64093
64094
64095
64096
64097
64098
64099
64107
64109
64111
64123
64136
64155
64157
64198
64202
64204
64205
64206
64219
64230
64255
64259
64267
64350
64354
64391
64395
64396
64399
64400
64401
64409
64411
64430
64462
64464
64495
64496
64498
64507
64554
64565
64580
64594
64596
64612
64613
64614
64615
64640
64641
64645
64658
64659
64710
64713
64716
64718
64737
64759
64760
64761
64762
64764
64768
64769
64805
64824
64861
64889
64893
64896
64907
64956
64960
64989
64993
64995
65001
65033
65036
65042
65048
65056
65057
65058
65060
65062
65064
65067
65094
65109
65117
65124
65137
65160
65204
65206
65219
65241
65247
65264
65300
65301
65302
65320
65331
65343
65345
65348
65368
65392
65393
65398
65411
65417
65425
65444
65496
65500
65509
65516
65522
65543
65546
65548
65589
65591
65614
65615
65616
65617
65618
65619
65625
65630
65639
65643
65658
65659
65661
65665
65696
65701
65702
65704
65706
65707
65724
65725
65742
65764
65769
65801
65802
65804
65827
65844
65856
65894
65896
65897
65901
65908
65931
65933
65937
65948
65949
65958
65964
66001
66002
66003
66004
66006
66007
66018
66032
66039
66047
66049
66050
66056
66064
66068
66069
66098
66103
66109
66111
66138
66145
66154
66160
66201
66204
66206
66208
66226
66291
66300
66301
66304
66305
66307
66308
66309
66323
66324
66357
66359
66367
66398
66399
66402
66412
66423
66440
66444
66446
66451
66464
66492
66493
66496
66556
66557
66558
66563
66564
66565
66568
66569
66609
66617
66618
66625
66628
66629
66630
66643
66659
66660
66663
66701
66703
66705
66709
66741
66742
66748
66750
66801
66825
66858
66859
66900
66920
66943
66956
66960
66990
66998
67000
67008
67010
67033
67045
67048
67049
67066
67096
67116
67117
67118
67119
67122
67123
67143
67159
67164
67208
67246
67259
67260
67263
67264
67266
67269
67312
67313
67335
67344
67360
67365
67391
67419
67421
67423
67425
67435
67443
67454
67467
67519
67539
67558
67559
67564
67569
67588
67591
67592
67603
67604
67606
67608
67640
67645
67646
67647
67668
67703
67708
67709
67711
67719
67737
67742
67748
67762
67768
67805
67806
67815
67828
67840
67845
67863
67890
67901
67902
67944
67948
67954
67956
67962
67989
68036
68043
68067
68068
68092
68093
68096
68097
68107
68109
68114
68130
68135
68157
68159
68200
68201
68207
68208
68209
68220
68240
68242
68249
68260
68269
68301
68303
68341
68391
68397
68400
68403
68406
68409
68411
68413
68415
68419
68435
68453
68454
68501
68526
68529
68556
68585
68589
68592
68594
68616
68617
68619
68620
68639
68659
68661
68701
68703
68705
68708
68742
68748
68794
68797
68798
68801
68802
68804
68815
68830
68848
68856
68896
68900
68902
68905
68907
68908
68910
68928
68948
68953
68968
69032
69035
69041
69045
69047
69054
69068
69096
69098
69103
69104
69108
69111
69113
69134
69158
69159
69168
69204
69205
69206
69208
69211
69212
69213
69219
69328
69343
69360
69367
69391
69399
69404
69408
69413
69420
69430
69435
69439
69446
69501
69507
69516
69539
69550
69585
69594
69620
69623
69629
69630
69640
69643
69645
69646
69656
69703
69704
69709
69710
69744
69745
69748
69762
69767
69801
69803
69839
69861
69893
69934
69940
69953
69962
69969
69974
69984
69991
69994
69996
70121
70135
70142
70143
70154
70164
70168
70220
70231
70241
70249
70251
70323
70329
70345
70349
70352
70356
70425
70430
70434
70441
70444
70448
70453
70454
70531
70540
70546
70559
70571
70615
70630
70648
70655
70719
70749
70750
70754
70755
70763
70815
70819
70820
70832
70839
70840
70851
70855
71118
71120
71123
71125
71134
71136
71138
71143
71201
71202
71220
71238
71255
71260
71261
71263
71265
71267
71334
71339
71343
71353
71358
71396
71414
71429
71433
71440
71441
71443
71536
71550
71551
71563
71636
71641
71642
71649
71653
71661
71663
71664
71708
71715
71719
71720
71721
71727
71728
71729
71745
71748
71753
71801
71809
71823
71827
71829
71845
71849
71851
71867
71901
72123
72124
72155
72156
72157
72163
72216
72261
72321
72333
72339
72340
72342
72350
72351
72353
72356
72398
72412
72428
72447
72454
72457
72461
72463
72513
72523
72535
72551
72554
72556
72560
72562
72613
72627
72641
72642
72643
72649
72653
72659
72720
72739
72743
72749
72756
72767
72801
72813
72838
72840
72846
72862
72918
73117
73156
73166
73168
73211
73226
73228
73229
73241
73248
73317
73322
73343
73357
73413
73415
73419
73421
73424
73440
73441
73508
73521
73537
73553
73629
73632
73648
73650
73653
73657
73720
73738
73745
73746
73748
73750
73801
73823
73825
73829
73830
74123
74124
74130
74139
74146
74157
74160
74167
74219
74229
74234
74239
74260
74336
74338
74359
74363
74366
74368
74391
74449
74453
74454
74458
74513
74529
74543
74548
74556
74620
74630
74643
74647
74651
74653
74726
74728
74731
74748
74761
74817
74828
74836
74838
74840
74857
74858
75131
75138
75149
75155
75230
75245
75250
75255
75258
75259
75261
75268
75321
75324
75340
75342
75347
75349
75356
75421
75424
75427
75429
75443
75444
75458
75464
75465
75523
75537
75539
75553
75570
75571
75613
75620
75635
75653
75659
75663
75668
75730
75750
75757
75763
75764
75799
75819
75828
75830
75831
75843
75848
75852
75853
75859
75861
75867
76118
76119
76120
76140
76146
76154
76156
76164
76165
76168
76169
76199
76220
76225
76240
76257
76262
76329
76338
76349
76350
76355
76357
76360
76363
76393
76400
76410
76418
76429
76430
76449
76454
76455
76457
76460
76461
76467
76529
76540
76550
76564
76567
76610
76638
76639
76650
76653
76658
76669
76715
76729
76749
76756
76757
76758
76759
76763
76822
76829
76858
76860
76863
76864
76955
77126
77129
77143
77147
77154
77166
77199
77211
77229
77251
77253
77256
77257
77263
77318
77443
77444
77446
77452
77456
77457
77496
77517
77559
77560
77563
77566
77591
77621
77637
77641
77649
77658
77659
77726
77746
77748
77759
77823
77829
77844
77849
77854
77860
77868
77927
78001
78018
78119
78148
78149
78164
78232
78237
78243
78247
78248
78256
78257
78333
78352
78353
78366
78430
78431
78435
78440
78442
78517
78536
78543
78550
78551
78552
78574
78627
78640
78648
78650
78665
78690
78726
78730
78760
78767
78819
78823
78843
78847
78849
78853
78861
78868
78869
78926
79130
79137
79138
79140
79156
79166
79181
79189
79191
79194
79199
79222
79229
79230
79235
79293
79339
79349
79358
79430
79435
79440
79442
79448
79449
79460
79461
79468
79535
79540
79543
79544
79545
79557
79596
79617
79621
79644
79650
79656
79657
79658
79727
79746
79748
79758
79760
79761
79764
79791
79817
79825
79840
79847
79852
79854
79858
79859
79901
80087
80091
80204
80620
81992
82003
82009
82122
82156
82175
82205
82220
82234
82271
82303
82499
82512
82571
82646
82664
82665
82667
82698
82699
82700
82702
82703
82775
82778
82904
82954
82966
82983
82984
82992
82993
82995
82996
82997
82998
82999
83171
83260
83272
83324
83371
83412
83470
83539
83540
83561
83570
83575
83588
83600
83738
83977
83992
83999
84111
84214
84240
84273
84274
84393
84405
84473
84520
84671
84700
84992
84993
84995
84999
85110
85150
85350
85531
85570
85617
85672
85992
85993
85994
85998
86110
86111
86120
86170
86230
86303
86310
86346
86370
86410
86470
86570
86572
86612
86622
86669
86670
86671
86672
86722
86770
86774
86778
86779
86992
86993
86994
86995
87340
87413
87420
87430
87460
87510
87672
87710
87720
88120
88121
88170
88273
88275
88308
88320
88330
88332
88371
88420
88450
88470
88478
88570
88572
88711
88750
88751
88770
88774
89110
89111
89170
89173
89174
89211
89212
89220
89230
89269
89270
89271
89330
89350
89351
89370
89371
89397
89410
89430
89431
89470
89471
89511
89520
89570
89573
89610
89620
89621
89651
89670
89672
89673
89710
89720
89770
89771
89772
89773
89784
90001
90002
90003
90004
90012
90013
90210
90211
90213
90220
90261
90310
90311
90312
90315
90350
90351
90413
90416
90490
90510
90511
90512
90532
90613
90615
90670
90685
90687
90759
90850
90851
90853
90880
91011
91059
91066
91101
91104
91106
91119
91138
91151
91160
91168
91201
91202
91206
91314
91328
91340
91448
91466
91471
91536
91719
91729
91763
91772
91818
91819
91821
91831
91833
91848
91868
91884
91899
92201
92202
92220
92271
92301
92302
92308
92313
92401
92402
92403
92404
92501
92502
92503
92504
92506
92508
92517
92601
92602
92701
92702
92704
92801
92802
92803
92806
92901
92913
92914
92915
93121
93147
93155
93156
93166
93217
93219
93245
93311
93357
93367
93417
93425
93453
93475
93547
93550
93551
93552
93621
93626
93628
93642
93677
93715
93728
93817
93862
94126
94134
94161
94163
94215
94227
94228
94230
94268
94330
94333
94338
94364
94419
94429
94476
94490
94526
94528
94541
94545
94549
94641
94727
94737
94747
94801
94821
94834
94841
95159
95199
95218
95223
95235
95236
95247
95318
95327
95426
95459
95469
95473
95488
95511
95552
95554
95565
95601
95657
95665
95728
95748
95819
95838
95853
95858
95906
96113
96137
96138
96142
96149
96174
96251
96252
96330
96340
96345
96346
96411
96426
96447
96462
96465
96470
96471
96527
96566
96570
96611
96631
96713
96720
96824
96847
96849
96851
96869
97111
97126
97133
97140
97168
97230
97236
97238
97336
97365
97418
97423
97527
97531
97532
97541
97571
97575
97621
97629
97659
97758
97815
97863
98116
98128
98236
98259
98267
98316
98327
98330
98353
98423
98445
98451
98469
98521
98558
98617
98639
98661
98776
98813
98869
99137
99149
99151
99152
99228
99245
99314
99347
99360
99399
99423
99426
99445
99450
99452
99540
99548
99560
99563
99639
99651
99657
99719
99730
99737
99738
99742
99767
99846
50632
50816
51112
51205
51298
51303
51308
51409
51528
51604
51640
51704
51762
51805
51865
51903
52105
52154
52207
52302
52398
52400
52565
52583
52642
52647
52722
52764
52980
53001
53008
53204
53296
53305
53307
53308
53312
53344
53411
53559
53569
53713
53803
53987
53991
54011
54097
54116
54219
54308
54397
54506
54507
54644
54704
54706
54810
54811
54909
54912
55003
55100
55216
55509
55563
55767
55832
55917
55933
56509
59238
59239
59240
59241
59242
59243
59244
59245
59246
59247
59248
59329
59330
59331
59356
59357
59358
59368
59376
60102
60184
60288
60343
60454
60524
60526
60542
60630
60690
60860
61047
61102
61390
61392
61394
61470
61492
61591
61693
61694
61865
62022
62039
62069
62147
62244
62302
62332
62340
62537
62558
62662
62748
62864
62896
62902
62926
62927
62948
63032
63042
63107
63110
63125
63202
63368
63402
63440
63564
63569
63598
63634
63722
63729
63744
63887
63902
63992
64011
64022
64091
64092
64100
64108
64110
64213
64398
64492
64569
64607
64662
64717
64793
64821
64908
64944
64992
65044
65092
65132
65265
65412
65424
65514
65519
65705
65709
65869
65903
65904
65909
65910
66112
66202
66312
66354
66392
66410
66512
66621
66623
66662
66707
66718
66996
67001
67063
67201
67202
67418
67527
67894
67993
68050
68089
68117
68211
68300
68302
68304
68414
68468
68518
68646
68704
68869
68895
68911
68912
69055
69363
69428
69442
69502
69512
69518
69706
69708
69711
69950
70122
70212
70324
70342
70612
70802
71184
71454
71744
71842
71854
72202
72253
72312
72324
72427
72452
72522
72623
72742
73232
73540
73602
73824
74223
74402
74412
74540
74562
74642
74720
74756
75344
75442
75554
75612
75640
76232
76322
76443
76553
76720
76742
76812
77243
77326
77412
77602
77654
77754
78122
78242
78288
78548
78643
78739
78768
78892
79364
79365
79443
79456
79462
79868
80015
80017
80019
80030
80031
80040
80044
80049
80057
80059
80070
80093
80098
80561
80574
80583
80611
80615
82005
82114
82174
82211
82279
82318
82420
82432
82574
82581
83513
83571
83574
83800
86171
86312
86510
86660
86711
86712
87013
87230
87570
88571
88710
89273
89310
89450
89512
89630
89660
89730
90000
90020
90214
90272
90282
90283
90371
90419
90550
90574
90660
91416
91449
91542
91545
91734
92204
92303
92405
92509
92707
92708
92809
92904
93112
93122
93225
93332
93362
93502
93656
93662
93732
93812
94233
94312
94438
94444
94511
94532
94724
94742
94842
94843
95160
95322
95324
95422
95451
95544
95670
95712
95901
96172
96213
96224
96354
96460
96542
96624
96635
96722
96742
96786
96822
97202
97424
97623
97678
98144
98200
98262
98457
98540
98662
98742
99302
99402
99544
